1 25 34
2 25 9
3 7 40
4 76 47
5 84 315
6 60 220
7 26 249
8 38 106
9 77 276
10 81 337
11 65 318
12 65 359
13 21 433
14 89 667
15 75 495
16 21 775
17 2 892
18 95 18
19 97 39
20 112 33
21 101 4
22 105 10
23 97 20
24 104 94
25 109 17
26 114 23
27 96 15
28 98 105
29 111 121
30 93 139
31 107 159
32 103 219
33 115 192
34 108 197
35 110 225
36 100 279
37 96 189
38 104 174
39 96 245
40 114 193
41 109 313
42 109 495
43 115 462
44 101 701
45 96 688
46 109 846
47 111 931
48 108 863
49 105 932
50 112 859
51 328 10
52 218 2
53 312 106
54 290 91
55 244 26
56 285 94
57 168 67
58 296 114
59 169 114
60 283 212
61 271 309
62 182 501
63 145 504
64 119 680
65 159 620
66 200 795
67 292 926
68 407 12
69 431 9
70 345 6
71 454 4
72 435 13
73 341 37
74 437 113
75 384 130
76 467 154
77 414 315
78 376 182
79 350 551
80 463 550
81 418 518
82 387 539
83 439 568
84 431 683
85 454 682
86 447 836
87 351 825
88 520 102
89 503 61
90 505 186
91 517 214
92 504 303
93 503 370
94 528 467
95 523 464
96 522 476
97 506 474
98 509 461
99 511 663
100 495 696
101 500 847
102 506 847
103 428 959
104 528 959
105 787 155
106 594 280
107 631 199
108 597 32
109 720 193
110 998 238
111 847 93
112 964 139
113 917 262
114 899 33
115 926 378
116 768 339
117 714 450
118 736 396
119 612 516
120 537 584
121 936 954
122 558 927
