1 1 2
2 3 4
3 5 6 7 8 9
4 10 11
5 12 13
6 14 15
7 16 17
8 18 19 20 21 22 23 24 25 26 27
9 28 29
10 30 31
11 32 33 34 35 36 37 38 39 40 41
12 42 43
13 44 45
14 46 47 48 49 50
15 51 52
16 53 54 55 56 57
17 58 59
18 60 61
19 62 63
20 64 65
21 66 67
22 68 69 70 71 72
23 73 74
24 75 76
25 77 78
26 79 80 81 82 83
27 84 85
28 86 87
29 88 89
30 90 91
31 92 93
32 94 95 96 97 98
33 99 100
34 101 102
35 103 104
36 105 106 107 108 109 110 111 112 113 114
37 115 116
38 117 118
39 119 120
40 121 122
