107 10 20
1 32 3
2 0 45
3 25 275
4 34 259
5 68 319
6 39 298
7 82 158
8 126 130
9 131 161
10 97 125
11 133 268
12 121 172
13 121 347
14 69 347
15 59 347
16 95 347
17 146 346
18 111 346
19 43 346
20 126 346
21 72 346
22 6 346
23 22 372
24 9 352
25 100 355
26 12 359
27 136 362
28 130 376
29 134 368
30 135 360
31 103 351
32 95 371
33 143 390
34 133 389
35 151 34
36 169 8
37 235 98
38 189 92
39 239 98
40 205 97
41 236 99
42 218 95
43 174 97
44 199 89
45 171 99
46 217 87
47 227 101
48 191 103
49 169 109
50 213 120
51 153 308
52 174 378
53 265 7
54 273 35
55 266 9
56 270 34
57 246 37
58 269 21
59 274 23
60 260 13
61 277 41
62 271 46
63 272 78
64 275 105
65 251 159
66 259 93
67 271 121
68 285 178
69 247 77
70 248 86
71 253 65
72 274 115
73 247 268
74 257 244
75 244 337
76 262 317
77 276 362
78 265 368
79 267 357
80 278 352
81 283 394
82 280 393
83 280 386
84 282 392
85 277 361
86 256 384
87 362 14
88 342 20
89 297 95
90 289 119
91 349 110
92 367 100
93 345 122
94 310 92
95 341 65
96 322 85
97 389 82
98 302 90
99 325 280
100 373 144
101 306 317
102 386 313
103 392 363
104 364 376
105 339 360
106 338 362
107 367 339
60 51 64 58
127 347 135 348
43 362 95 371
21 381 44 392
177 19 205 25
205 219 230 253
253 15 269 21
246 313 250 319
290 9 301 39
292 63 297 95
1 1 2
2 3 4 5 6 7 8 9 10 11 12
3 13 14 15 16 17 18 19 20 21 22
4 23 24 25 26 27 28 29 30 31 32
5 33 34
6 35 36
7 37 38 39 40 41 42 43 44 45 46
8 47 48
9 49 50
10 51 52
11 53 54 55 56 57 58 59 60 61 62
12 63 64 65 66 67 68 69 70 71 72
13 73 74
14 75 76
15 77 78 79 80 81 82 83 84 85 86
16 87 88
17 89 90 91 92 93 94 95 96 97 98
18 99 100
19 101 102
20 103 104 105 106 107
